Group member	Inoculation Amount	Time_weeks	Mean paper brightness	Mean soil brightness	Difference	Fraction remained
VL	0 mL	0	122.552	39.406	83.146	1
KF	0 mL	0	161.636	42.261	119.375	1
AH	0 mL	0	179.59	66.196	113.394	1
JR	0 mL	0	197.544	92.986	104.558	1
ES	0 mL	0	153.084	58.022	95.062	1
VL	1 mL	0	132.324	29.893	102.431	1
KF	1 mL	0	160.966	56.324	104.642	1
AH	1 mL	0	179.236	63.3245	115.9115	1
JR	1 mL	0	197.506	96.756	100.75	1
ES	1 mL	0	149.072	54.913	94.159	1
VL	2 mL	0	136.249	42.181	94.068	1
KF	2 mL	0	152.471	40.695	111.776	1
AH	2 mL	0	173.541	69.066	104.475	1
JR	2 mL	0	194.611	95.951	98.66	1
ES	2 mL	0	146.831	50.437	96.394	1
VL	3 mL	0	130.947	39.158	91.789	1
KF	3 mL	0	168.826	53.648	115.178	1
AH	3 mL	0	184.074	66.1495	117.9245	1
JR	3 mL	0	199.322	93.141	106.181	1
ES	3 mL	0	151.996	52.652	99.344	1
VL	0 mL	1	107.301	39.187	68.114	0.819209583
KF	0 mL	1	111.307	35.353	75.954	0.636263874
AH	0 mL	1	159.248	64.347	94.901	0.83691377
JR	0 mL	1	189.352	84.878	104.474	0.999196618
ES	0 mL	1	143.294	46.293	97.001	1.020397214
VL	1 mL	1	113.439	40.096	73.343	0.716023469
KF	1 mL	1	108.108	34.272	73.836	0.70560578
AH	1 mL	1	143.889	56.765	87.124	0.751642417
JR	1 mL	1	182.804	96.823	85.981	0.853409429
ES	1 mL	1	142.384	51.028	91.356	0.970231205
VL	2 mL	1	88.455	19.057	69.398	0.737742909
KF	2 mL	1	109.22	29.775	79.445	0.710751861
AH	2 mL	1	157.199	66.786	90.413	0.865403207
JR	2 mL	1	177.696	78.555	99.141	1.004875329
ES	2 mL	1	139.471	48.038	91.433	0.948534141
VL	3 mL	1	89.005	22.317	66.688	0.726535859
KF	3 mL	1	126.307	41.185	85.122	0.739047388
AH	3 mL	1	159.26	61.849	97.411	0.826045478
JR	3 mL	1	188.88	94.829	94.051	0.885761106
ES	3 mL	1	137.928	47.593	90.335	0.909315107
VL	0 mL	2	101.366	34.188	67.178	0.807952277
AH	0 mL	2	130.307	49.2675	81.0395	0.714671852
ES	0 mL	2	128.239	46.984	81.255	0.854757947
VL	1 mL	2	102.257	20.375	81.882	0.799386904
AH	1 mL	2	123.073	38.57	84.503	0.729030338
ES	1 mL	2	137.034	47.238	89.796	0.953663484
VL	2 mL	2	97.6	22.82	74.78	0.79495684
AH	2 mL	2	127.3995	44.803	82.5965	0.790586265
ES	2 mL	2	136.294	42.394	93.9	0.97412702
VL	3 mL	2	100.229	28.581	71.648	0.780572836
AH	3 mL	2	129.7445	45.215	84.5295	0.716810332
ES	3 mL	2	137.209	45.924	91.285	0.918877839
KF	0 mL	3	141.868	49.389	92.479	0.774693194
AH	0 mL	3	100.4075	29.3285	71.079	0.626832108
JR	0 mL	3	174.589	90.567	84.022	0.803592265
KF	1 mL	3	137.562	49.514	88.048	0.841421227
AH	1 mL	3	127.2085	42.63	84.5785	0.729681697
JR	1 mL	3	167.175	87.236	79.939	0.793439206
KF	2 mL	3	92.755	57.209	35.546	0.318011022
AH	2 mL	3	117.895	37.2665	80.6285	0.771749222
JR	2 mL	3	157.803	95.016	62.787	0.63639773
KF	3 mL	3	102.295	53.246	49.049	0.425853896
AH	3 mL	3	124.6205	41.099	83.5215	0.70826249
JR	3 mL	3	180.187	82.78	97.407	0.917367514
VL	0 mL	4	75.245	22.215	53.03	0.63779376
KF	0 mL	4	160.485	38.572	121.913	1.021260733
AH	0 mL	4	100.4075	29.3285	71.079	0.626832108
JR	0 mL	4	169.684	88.585	81.099	0.775636489
VL	1 mL	4	102.222	29.361	72.861	0.711317863
KF	1 mL	4	113.139	43.134	70.005	0.668995241
AH	1 mL	4	127.2085	42.63	84.5785	0.729681697
JR	1 mL	4	168.548	81.161	87.387	0.867364764
VL	2 mL	4	87.412	25.612	61.8	0.656971552
KF	2 mL	4	112.471	33.216	79.255	0.709052033
AH	2 mL	4	117.895	37.2665	80.6285	0.771749222
JR	2 mL	4	159.052	90.717	68.335	0.692631259
VL	3 mL	4	92.155	22.256	69.899	0.761518265
KF	3 mL	4	100.404	38.508	61.896	0.537394294
AH	3 mL	4	124.6205	41.099	83.5215	0.70826249
JR	3 mL	4	181.398	84.689	96.709	0.910793833
VL	0 mL	5	50.296	20.758	29.538	0.355254612
KF	0 mL	5	131.391	43.961	87.43	0.732397906
AH	0 mL	5	87.933	28.6	59.333	0.52324638
JR	0 mL	5				
ES	0 mL	5				
VL	1 mL	5	98.575	30.993	67.582	0.65978073
KF	1 mL	5	106.25	51.603	54.647	0.522228168
AH	1 mL	5	125.385	43.446	81.939	0.706910013
JR	1 mL	5				
ES	1 mL	5				
VL	2 mL	5	80.207	29.928	50.279	0.534496322
KF	2 mL	5	102.428	46.836	55.592	0.497351847
AH	2 mL	5	114.2925	39.4245	74.868	0.71661163
JR	2 mL	5				
ES	2 mL	5				
VL	3 mL	5	98.197	28.049	70.148	0.764231008
KF	3 mL	5	85.827	60.139	25.688	0.223028703
AH	3 mL	5	127.6415	43.9955	83.646	0.70931825
JR	3 mL	5				
ES	3 mL	5				
VL	0 mL	6	54.25	32.597	21.653	0.260421427
KF	0 mL	6	107.77	51.86	55.91	0.468356021
AH	0 mL	6	110.218	61.022	49.196	0.433850116
JR	0 mL	6	155.077	79.214	75.863	0.72555902
ES	0 mL	6				
VL	1 mL	6	93.889	25.592	68.297	0.666761039
KF	1 mL	6	80.28	47.377	32.903	0.314433975
AH	1 mL	6	147.111	75.627	71.484	0.616711888
JR	1 mL	6	167.486	99.71	67.776	0.67271464
ES	1 mL	6				
VL	2 mL	6	67.161	29.57	37.591	0.399615172
KF	2 mL	6	101.025	45.058	55.967	0.500706771
AH	2 mL	6	137.499	69.642	67.857	0.649504666
JR	2 mL	6	157.627	97.449	60.178	0.609953375
ES	2 mL	6				
VL	3 mL	6	84.797	20.758	64.039	0.697676192
KF	3 mL	6	71.766	36.984	34.782	0.301984754
AH	3 mL	6	134.487	69.642	64.845	0.549885732
JR	3 mL	6	194.687	93.045	101.642	0.957252239
ES	3 mL	6				
VL	0 mL	7	64.901	45.626	19.275	0.231821134
KF	0 mL	7	100.125	51.765	48.36	0.405109948
AH	0 mL	7	67.933	29	38.933	0.343342681
JR	0 mL	7	158.366	104.89	53.476	0.511448191
ES	0 mL	7				
VL	1 mL	7	107.703	38.348	69.355	0.677089943
KF	1 mL	7	64.885	36.333	28.552	0.272854112
AH	1 mL	7	95.385	20.471	74.914	0.64630343
JR	1 mL	7	170.774	109.251	61.523	0.610650124
ES	1 mL	7				
VL	2 mL	7	79.815	40.074	39.741	0.422470978
KF	2 mL	7	92.159	49.434	42.725	0.38223769
AH	2 mL	7	94.2925	39.869	54.4235	0.520923666
JR	2 mL	7	157.797	112.606	45.191	0.458047841
ES	2 mL	7				
VL	3 mL	7	97.23	37.092	60.138	0.655176546
KF	3 mL	7	74.035	48.214	25.821	0.224183438
AH	3 mL	7	107.6415	19.9955	87.646	0.743238258
JR	3 mL	7	194.878	103.795	91.083	0.857808836
ES	3 mL	7				
VL	0 mL	8	35.919	24.286	11.633	0.139910519
KF	0 mL	8	118.31	53.153	65.157	0.545817801
AH	0 mL	8	137.84165	77.306	60.53565	0.53385232
JR	0 mL	8	157.3733	101.459	55.9143	0.534768263
ES	0 mL	8				
VL	1 mL	8	95.187	23.023	72.164	0.704513282
KF	1 mL	8	60.247	51.885	8.362	0.079910552
AH	1 mL	8	112.776	74.594	38.182	0.329406487
JR	1 mL	8	165.305	97.303	68.002	0.674957816
ES	1 mL	8				
VL	2 mL	8	51.558	22.225	29.333	0.311827614
KF	2 mL	8	83.008	49.397	33.611	0.300699614
AH	2 mL	8	67.283	35.811	31.472	0.301239531
JR	2 mL	8	159.266	107.235	52.031	0.52737685
ES	2 mL	8				
VL	3 mL	8	75.618	18.661	56.957	0.620520977
KF	3 mL	8	66.072	48.392	17.68	0.153501537
AH	3 mL	8	127.2245	81.074	46.1505	
JR	3 mL	8	188.377	113.756	74.621	0.702771682
ES	3 mL	8				
